10,66
10,4
10,264
10,204
10,192
10,82
10,304
10,94
11,7
11,24
11,8
11,14
11,22
11,20
8,16
68,3
68,1
14,5
14,4
14,2
14,0
11,23
11,19
12,2
12,1
11,18
11,16
12,3
11,15
11,12
11,9
11,5
11,4
11,3
11,2
11,1
10,303
10,243
10,195
10,176
10,173
10,172
10,164
10,152
20,2
20,1
10,144
20,3
10,117
10,111
19,2
19,1
10,109
19,3
10,104
10,99
18,1
10,90
10,3
18,3
10,2
10,1
9,7
9,6
9,5
9,4
9,3
9,2
9,1
8,17
8,10
8,9
8,8
8,7
8,6
8,5
8,4
8,3
8,2
8,1
3,3
3,2
3,1
2,2
2,1
2,3
0,386
0,243
0,0
0,270
0,273
14,1
13,1
14,3
13,3
0,9
73,34
73,33
73,32
73,31
73,30
73,29
73,28
73,27
73,26
73,25
